6 10001 5748 5 1 940 2351 1 1473 7 200 12 10001 4864 10001 29 10001 10001 20 1005 62 10001 8867 998 10002
11 819 90 58 37 13 624 8 6 9657 16 908 1947 24 254 15 85 1224 4 2733 13 4 88 10001 10002
8730 5 1 725 260 26 95 1197 1 2027 2 2164 223 10 10001 413 5125 6235 5 362 220 3759 10002
8650 10001 575 50 9 12 967 104 1 10001 5 1 2752 559 10001 8296 10002
410 1 111 3157 56 21 51 1 731 4 2158 4 5525 6 159 1837 10002
8 182 10001 57 312 8 10001 2485 22 57 607 151 4 3068 36 515 67 49 3 5433 2863 10002
220 1775 3 220 10001 10001 17 109 17 118 28 15 1374 22 92 2807 4 15 1374 5 5952 493 10002
52 1539 14 6 1709 33 1 213 112 4 861 7 4 10001 949 5 1 2678 58 9 13 169 61 498 8 13 10002
5 24 19 2334 6 82 147 8 6 251 533 399 10002
33 1 10001 1121 9 28 15 58 508 5 1 647 913 262 3026 6457 4681 10001 10002
1 785 2 55 130 10001 93 62 1214 4565 1592 22 4819 785 10002
1350 10001 74 1624 12 860 33 173 21 7267 5 1 4364 358 1 5434 3112 106 779 3426 10002
359 45 1371 68 15 3390 4 1515 3 2 1 2293 2 17 5 556 27 1 53 10002
1 3616 2055 9 34 47 2218 4 233 7180 4510 17 11 19 576 4 481 243 1873 5 1 350 5 38 36 1270 10001 10002
79 56 849 54 589 4 1 677 9 304 47 317 1468 1092 1 3308 411 2 4310 10002
17 35 10001 912 1 1276 9325 103 51 6332 42 462 3 10001 10002
19 7091 10001 84 61 1334 4 1 1180 10001 10002
5 1 174 245 86 206 10001 382 329 4 225 6 49 4914 10002
30 122 25 23 1 845 4 233 409 3 500 3791 8 1 369 10002
10001 271 510 4211 115 3 139 923 20 1244 2809 4 225 6 2829 137 9 7 1001 4 45 373 10002
1256 5 5 733 35 1788 4 201 6 224 7817 870 7100 3 6377 1654 10002
1 170 7 29 182 2 29 572 9 64 15 5555 37 1 1610 522 7 8183 18 10001 6783 221 10002
46 16 161 7 1841 24 151 4 225 6 4421 1629 10002
1 10001 235 1843 5 10001 27 42 10001 10001 2294 3 3219 10001 4 10001 5 733 10002
1 2169 3481 5 1 5407 7 21 1 3481 2 341 16 7 1 3481 2 44 386 2169 543 10002
58 11 19 51 155 9 46 13 736 8 16 1222 10002
1065 12 1 1972 10001 77 42 977 4 162 2843 191 20 1 6792 2 2779 3 671 10002
275 31 2 1 1245 32 10001 20 1 9057 1 2678 7 1028 4 5852 10002
27 1 236 29 7164 1142 2713 5 19 514 2348 10001 10001 3 42 1209 3379 10 1 291 2 3910 10001 10002
8 182 605 28 957 1 1105 2 36 2183 3 546 36 255 22 83 1365 2395 10002
18 2115 44 369 3334 10001 19 1596 17 6 1181 2836 4 60 340 335 231 10002
41 7 6 266 2071 1522 8 10001 924 3040 3 852 8782 4744 10001 1411 10001 10002
1313 3 1 554 3 2251 1618 478 1 144 5 38 13 276 30 122 10002
5 389 1 645 7 9510 4 928 8 11 10001 1 656 646 3 1214 350 38 1024 935 186 10002
199 16 110 7 1990 7200 10 165 10001 4 15 421 33 11 7 7200 10002
41 63 8920 126 9 8490 32 10001 42 144 1387 45 857 634 10001 10002
26 47 222 1 1473 2 3271 24 388 421 26 777 922 186 12 16 985 564 10002
1 720 4252 5388 14 519 4 1 236 2 36 137 885 3 14 134 9122 20 137 10002
97 10001 10001 228 20 144 4 144 34 264 11 576 4 734 1786 4200 22 169 1772 10002
121 2425 16 126 6 245 530 95 15 3188 4 1 10001 2 10001 5 1 10001 10002
92 37 1 580 821 71 11 105 1801 1 10001 7 208 209 4 101 1423 3 105 28 2365 11 12 62 53 10002
466 46 5662 2173 1 2356 236 2 1 83 25 995 1 236 2 1 83 10001 10002
3 24 6740 125 18 10001 10001 10001 5 3602 2 10001 10001 10001 2893 10002
109 11 2534 4 119 9 24 69 3148 2011 10001 4 6611 27 10001 2244 12 61 1175 10001 6417 10001 10002
1 3019 103 15 5422 18 10001 17 133 2 45 1206 22 103 15 1316 114 4 1 1257 10002
20 6598 2 10001 14 326 10001 2 6 49 111 509 10002
10001 1240 799 76 817 60 2 38 14 576 4 2274 10002
41 14 867 4181 2 6424 9 28 10001 5106 6007 3 3724 10002
37 11 1779 5 30 1185 13 23 4 233 6 617 10001 58 9 1 568 83 1801 89 4 169 30 2560 10002
16 572 38 1604 29 5279 19 1 261 7182 3451 3246 6639 10001 104 834 10002
5099 7 599 1227 46 1 551 1399 8 300 7 3110 10 8531 22 7755 10002
52 47 10001 1086 1163 9738 12 1 149 25 2 1 5289 10002
481 115 9524 3158 3 208 175 18 2816 6 142 4 30 11 446 10002
10001 3232 10001 3 5932 1659 25 1408 12 1 678 2 2477 10002
6 2017 6331 1458 2 657 20 1 203 567 5102 4 334 1 552 2 10001 10002
1351 41 7 63 472 824 50 1 409 2 29 4410 22 6356 3544 10002
3722 2219 10001 22 960 1176 3661 121 1 3544 6763 10002
1996 985 31 79 58 9 6 2211 2 3720 28 15 586 93 53 10002
3 11 7 2742 9 143 1251 491 2 73 278 10002
3 37 13 23 6 238 9 1 7692 407 28 2649 13 23 1 3394 10001 1 440 453 529 10002
7139 10001 277 269 23 6 10001 639 4 3674 9 635 65 4 3674 314 12 5553 10001 4973 10002
52 5602 236 72 134 10001 694 1 10001 395 410 910 6 3579 215 2889 8 260 4021 74 6461 10002
44 3049 23 63 1161 456 63 3277 657 3 63 229 1310 8 362 1692 226 10002
10001 28 51 1422 10 2830 6397 2 1 10001 10001 10001 10002
6 24 19 1256 5 2754 3 581 4 2244 5 10001 2252 10001 5 224 928 10002
1 281 2065 7 232 1 7881 39 1 39 232 10001 17 29 7281 10002
10001 10001 10001 98 165 5668 6196 46 7567 27 6 3853 4936 180 1 524 2 1 10001 10002
3407 171 1168 441 2383 1474 1433 14 4220 3403 135 1 291 548 5235 1258 10002
4740 707 7 592 263 199 70 802 10001 8 45 10001 611 10002
92 37 1 236 295 7 29 518 671 5 78 6607 10001 24 1732 16 17 78 154 592 5415 10002
58 4 859 57 5483 10 119 114 16 212 521 2049 13 10002
34 612 4 2099 10001 1 3284 2 391 253 338 1545 3 4 1015 10001 2972 67 1 446 10002
287 949 467 75 9 1603 703 3431 10 156 123 2250 10001 4 1 621 3 35 8254 42 8366 10002
27 10001 35 425 6 489 7120 1293 10001 7605 3 4267 5 218 2272 4157 10002
5 10001 35 1581 42 938 4 1817 42 1960 1288 10002
35 3849 20 1 3997 2 252 2 7350 582 3 20 4626 582 120 35 10001 5 204 3181 3 298 1171 10002
6 1462 2 2165 1166 95 15 10001 12 60 6322 1704 1 631 2 1 2165 1210 10002
11 68 867 15 2701 4 983 12 10001 1 2104 179 3 5088 49 490 10002
5 10001 285 1353 47 1315 2 38 50 10001 47 12 417 10002
35 7 720 422 8 6 438 1296 17 6 1978 4194 163 1 10001 10001 4283 10002
27 60 319 1 179 2 10001 1912 18 9520 56 4 793 4 1 3435 2 4331 37 6 204 1991 173 21 10001 1 10001 6625 10002
5 6 418 265 3 2345 4749 741 16 7 536 10002
34 14 133 2 300 34 59 21 606 3 262 1621 5 10002
1 403 10001 14 21 92 4666 5723 16 1362 509 10002
570 379 32 1984 1025 10001 2 4442 2276 10001 1245 3 1047 4454 87 10001 10002
3686 5 1275 3246 7909 20 603 667 14 10001 3 306 10002
10001 1428 2251 5477 1565 228 9 238 18 222 923 67 563 10 1 9573 10002
3 90 11 32 219 4 91 4 1221 1301 5 1 6938 3 650 1 3579 9 1 10001 293 3 10001 28 59 10002
90 126 7230 4483 106 36 785 17 918 20 642 785 10002
1 1583 2 36 1837 7 1 693 9 1 10001 402 38 3822 2 4866 23 6976 3 38 931 2182 4 1 465 10001 10002
16 321 19 43 1003 4 31 1 1823 4200 228 10001 3 76 2 1 55 2494 11 10002
3 16 7 39 40 182 2 250 26 262 612 44 1670 4 1425 899 10002
1 155 2 153 7455 4 1533 3 1549 42 226 27 6 743 38 25 273 125 3 42 291 6 4263 526 10002
10 1409 4 1 898 11 19 6 711 2 2935 3056 3 403 1758 10002
24 150 9 1 10001 923 77 2 1481 14 2 85 281 1556 8 94 10002
11 7 414 97 13 262 10001 948 4271 2 30 4379 33 12 1 48 501 13 262 4237 10 1 2441 564 10002
1 1021 19 1402 114 1 271 900 3 6256 2382 2 9786 3 1048 491 10002
6981 2704 4 15 6 10001 58 55 6672 37 24 59 830 1175 10002
46 78 123 1048 1683 5 60 55 703 9 3079 519 1 2138 10002
158 7228 3817 994 1 10001 7 11 10001 30 3591 3 28 10001 30 10001 22 9436 10002
