5855 433 2197 10001 169 4226 5 2 10001 10001 159 69 10001 9364 10001 10001 10001 10 10001 84 8841 358 1422 237 10002
530 10001 782 4 89 10001 5105 1485 15 10001 10001 5 19 23 6 34 4925 5698 2 1257 7727 138 10002
1340 1464 251 1 9992 10001 7679 10001 10001 4 2959 4908 546 2154 42 3713 1 70 1064 10002
10001 3067 1415 4221 10001 1 10001 4741 42 49 1312 751 10001 4627 61 85 10002
10001 930 1109 2201 40 5 10001 1381 2043 106 153 10002
370 10001 118 2 208 10001 1177 124 3276 1088 125 126 241 13 1615 433 3802 1 4081 101 12 91 10002
1791 10001 1 10001 2 7378 37 55 137 2 9 44 34 10001 10001 10001 2489 2 4945 2489 10002
73 189 1819 6 3549 1 190 1522 3 3807 82 327 73 20 1775 203 1 1804 67 2302 16 10002
178 10001 8556 7 1994 1347 10001 15 60 1 10002
10001 36 10001 1165 903 1093 5 2665 10001 1 10001 63 2366 10001 20 10002
1329 10001 2 7096 10001 5633 45 107 31 51 543 59 6220 147 8567 1329 10002
368 489 10001 10001 36 10001 1 8647 5 20 102 1055 920 1980 1 8844 840 10001 7535 10002
42 31 1 10001 46 5312 3140 865 253 2 10001 51 10001 3825 56 106 153 10002
5824 29 10001 119 1 395 1 8937 5156 916 3793 45 205 6087 10001 1172 219 1389 5 28 6 10001 10001 10002
10001 567 10001 437 7010 1 759 10001 639 6 10001 10001 42 1058 1 20 10002
3696 2 10001 40 6822 10001 2306 3 4573 7597 18 9 34 10002
10001 10001 4 2389 6 10001 5524 2219 10002
7632 270 518 8385 26 10001 843 10001 92 298 321 1 10002
1236 349 2 3322 17 980 2 1998 124 2945 163 2850 200 1038 10002
1633 2713 63 4247 10001 343 7 10001 251 12 4735 2 193 10001 2738 513 4162 8 10002
10001 10001 2 10001 8612 10001 354 26 3768 18 750 1 60 1 10001 10002
505 942 2877 10001 5776 1784 8635 33 2580 1 10001 37 30 187 1019 1115 8378 368 10002
10001 10001 342 833 15 10001 39 25 129 38 10002
8483 1 10001 1173 10001 2 10001 3691 10001 3 10001 109 1 10001 442 10001 10002
1045 10001 881 386 9300 11 10001 50 5 4195 10001 10001 1 10001 9300 10001 10002
1206 198 10001 111 10001 179 6 1100 11 2 10002
880 2 8475 10001 14 4885 6790 26 3701 122 775 10001 10001 3 3001 10002
10001 42 737 145 10001 2811 14 10001 45 4448 9 43 52 10002
10001 8472 705 7231 1 10001 3000 22 2 10001 10001 10001 46 10001 10001 8948 71 2677 1 10002
494 8917 13 5172 375 5863 2 2941 136 7472 5217 55 3082 114 10002
7235 8898 9 397 6350 945 181 87 10001 10001 533 136 559 10001 10002
732 10001 3602 244 10001 2 1325 1968 10001 2 2736 27 21 423 2 754 6310 7 10002
200 10001 183 1 522 137 14 3657 2535 10001 2 2758 10002
1140 10001 3 10001 842 4937 2 4039 10001 10001 2423 6317 655 5490 10001 5395 2761 123 10001 10002
6867 3659 4 2 165 2391 10001 10001 1561 1175 280 66 140 10002
10001 10001 10001 56 9814 1434 122 10001 10001 6 999 572 79 10002
563 75 3 10001 5 16 6 1497 15 2 1994 10001 54 5 206 16 10002
8955 443 7441 10001 4 174 1 10001 4 10001 7147 8021 280 10001 121 5178 10 10002
245 261 13 10001 3346 2930 10001 856 479 101 7 1434 1 137 12 10001 10001 205 10002
10001 3 10001 8351 228 10001 115 871 97 10001 10 10001 16 59 309 20 10002
42 733 1 22 1756 47 2 9865 4 508 172 10001 6 1037 18 164 10001 5 1960 23 77 10002
10001 8534 1229 36 10001 117 7 4008 1604 1100 6832 1863 23 1974 10002
10001 10001 10001 10001 8885 1352 1 10001 10001 14 10001 3766 169 10001 15 2 10002
37 2027 64 44 6 17 2336 3 9741 10001 1 10001 4424 10001 5799 8493 145 6 2409 1 3304 105 10002
1759 1 10001 37 55 13 3254 199 253 203 1 10001 10001 55 6244 166 10002
6744 1255 433 10001 10001 10001 10001 46 4 10002
10001 3793 119 12 131 2057 3771 1383 1043 10001 10002
6061 2 10001 10001 10001 32 10001 3769 626 799 10002
34 114 3563 267 261 96 5605 236 6116 26 809 300 2174 2313 115 10001 7290 1 116 22 23 10002
3422 6045 3 10001 4 10001 2400 1 421 70 10001 10001 24 10001 88 10001 123 10002
10001 13 10001 4 10001 10001 10 1455 3901 38 1470 272 10001 10002
10001 4453 9473 14 10001 119 2892 5263 10001 54 11 10002
10001 122 1 875 6364 1296 148 54 28 26 10001 193 10001 10002
1928 629 744 1 6085 10001 10001 2 10001 3318 10001 99 10002
10001 1225 5280 527 9 1211 1255 159 69 2137 10001 4929 10002
10001 4527 8 8911 13 10001 2110 731 3172 107 244 5 834 10 10002
8911 10001 10001 36 10001 1085 4579 13 10001 1605 10001 10002
2081 652 198 5400 380 19 1237 69 26 242 775 10001 1866 10002
519 410 4343 10001 3303 26 452 65 2 10002
1091 6398 515 10001 3663 244 974 903 5 10001 2227 278 450 10001 1740 35 176 7 21 10002
10001 36 7963 4 253 3 406 10001 10001 10001 6084 112 10001 1795 1 10001 967 10002
91 10001 910 8220 7 2129 10001 4803 10001 5616 319 3 10001 8920 29 6 331 10 1159 11 10002
10001 915 3811 13 176 414 10001 2 2466 10001 116 1559 10001 116 8701 288 35 10002
10001 10001 2616 10001 10001 33 40 6299 30 10001 10002
10001 4152 3 10001 10001 1 6856 10001 1 5827 2 10001 1 2901 15 10002
10001 10001 63 10001 10001 50 196 10001 3446 10002
10001 6782 10 8973 7688 84 10001 29 23 10001 7549 3224 10001 10001 10001 12 10001 10002
10001 10001 1491 258 2814 10001 705 7 9395 301 3386 1249 312 1 1609 10002
617 3172 10001 109 10001 10001 10001 4692 202 10001 181 10002
7935 8952 122 9 11 10001 15 10001 4 10001 2536 11 937 10001 23 77 10002
73 4038 2749 10001 61 1 192 2297 69 10001 126 186 2 10002
1948 5114 1 1968 8833 10001 2982 1064 2 10001 3428 10001 5484 10001 1607 1084 28 10002
10001 109 17 5617 18 2 1949 10 4554 4653 4167 970 6908 10001 4812 2761 1346 4266 2 190 21 1407 10002
10001 10001 887 1 10001 2 10001 10001 3 4359 10001 8887 335 18 10001 1 10002
2157 10001 10001 10001 1 8862 10001 1117 10001 1 10002
534 3848 2 1595 1384 10001 8 1814 10001 27 21 1267 10001 7831 10001 6577 10002
178 10001 1693 408 10001 304 3 10001 232 1133 10001 4052 10002
6836 4352 229 10001 1 10001 2 414 10001 3 658 10001 8737 39 2424 10002
1397 2711 3 1483 618 119 12 2428 1451 10001 5244 45 60 1 10002
10001 203 1 10001 10001 4065 2096 1 10001 10001 10 7122 42 314 1 10002
10001 10001 10001 51 10001 5 7331 3842 23 7333 10001 10001 48 139 10001 10001 10001 280 284 10001 1 10002
3931 1995 11 1511 10001 572 2 1666 1 10002
1143 1534 545 55 5 59 1 2 3185 5 28 564 43 207 28 10002
2098 10001 211 10001 10001 5 77 1571 3251 61 33 10002
10001 9 211 6289 3372 2 4435 10001 10001 10001 4303 862 9636 54 721 10002
3107 2 10001 1869 70 10001 269 915 229 1563 8 9624 10002
10001 4 3325 1 10001 5 206 909 198 10001 10001 1 4405 10001 44 10001 10002
10001 10001 2 8417 170 30 40 6 10001 549 25 10001 2 254 10001 1110 128 138 10002
1099 1445 14 3577 1329 124 8537 2093 10001 160 79 10002
10001 9894 10001 88 2 7415 10001 10001 71 88 10001 8960 3975 3529 10001 29 10001 1 10002
169 10001 132 144 2 10001 562 10001 7369 186 8 27 10001 10001 61 85 748 10002
10001 326 235 2119 376 5 16 295 43 1115 91 64 11 2 10002
2419 10001 2031 22 2 169 10001 183 4 3517 2476 4338 2 10001 10001 352 336 10002
1657 10001 2 10001 10001 41 17 6682 943 590 607 44 6 10002
98 35 10001 6685 65 1294 3994 12 10001 6 1527 16 10002
347 10001 4 3583 103 5 19 159 220 4 20 10001 292 14 4140 650 103 5 19 6 134 948 11 10002
595 8848 2 10001 5898 10001 8 10001 2 10001 3 10001 54 3075 455 10002
10001 132 64 567 8141 15 23 2 10001 15 6 2820 10002
10001 10001 15 6 7810 131 6438 8 4550 589 3134 60 1 38 10002
10001 13 10001 10001 10 758 30 6 6732 917 24 10001 39 18 7878 5074 10001 165 10002
